Cox2 = [-12608, -3358.08, -5132.28];

Cox1 = [-12795.20, -3646.2, -5074.68];

Femur1 = [-12690.32, -3329.28, -5147.16];

Femur2 = [-13089, -3594.96, -5121.48];

Tibia1 = [-13089, -3594.96, -5121.48];

Tibia2 = [-12816.56, -3303.48, -5265.15];

Tarsus1 = [-12816.56, -3303.48, -5265.15];

Tarsus2 = [-12537.44, -2867.52, -5454.48];

leg = [Cox1;
    Cox2;
    Femur1;
    Femur2;
    Tibia2;
    Tarsus2;];

Cox = [Cox1;
    Cox2];

Femur = [Femur1;
    Femur2;];

Tibia = [Tibia1;
    Tibia2];

Tarsus = [Tarsus1;
    Tarsus2];

